image: cartographer_race_world.pgm
resolution: 0.050000
origin: [-18.122456, -13.663261, 0.000000]
negate: 0
occupied_thresh: 0.65
free_thresh: 0.196

