image: cartographer_lap_1.pgm
resolution: 0.050000
origin: [-6.550000, -2.450000, 0.000000]
negate: 0
occupied_thresh: 0.65
free_thresh: 0.196

