image: lab_cartographer.pgm
resolution: 0.050000
origin: [-6.284542, -3.516646, 0.000000]
negate: 0
occupied_thresh: 0.65
free_thresh: 0.196

